Matrix (10, 10):
   5.0    3.0    5.0    3.0   14.0   14.0   12.0    5.0    4.0   11.0
   9.0   15.0   10.0   11.0    4.0    8.0   10.0   11.0    9.0    3.0
  14.0   10.0   12.0   15.0   12.0    5.0    3.0    3.0    5.0    6.0
   2.0    9.0   11.0    4.0   11.0   11.0   11.0    9.0    3.0    3.0
   9.0   17.0    8.0    7.0   15.0    5.0   10.0   11.0    5.0    0.0
   4.0    7.0   11.0   14.0   14.0    8.0   12.0    6.0   13.0    9.0
  17.0    7.0    6.0   10.0   10.0   17.0    3.0   10.0   16.0    8.0
   5.0   10.0   13.0   17.0   13.0    6.0   14.0   10.0   10.0   12.0
   5.0   10.0   16.0   12.0    6.0    9.0    8.0   11.0    3.0    7.0
  10.0   16.0    3.0    8.0    9.0    6.0    6.0   10.0    6.0    5.0