Matrix (10, 10):
   0.0    0.0    6.0    0.0   49.0   45.0   27.0    0.0    4.0   28.0
  14.0   54.0   16.0   24.0    3.0   12.0   21.0   28.0    8.0    2.0
  45.0    9.0   32.0   54.0   32.0    6.0    0.0    0.0    0.0    0.0
   0.0   18.0   24.0    3.0   24.0   24.0   24.0   14.0    0.0    2.0
   0.0   72.0    0.0   12.0   56.0    6.0   16.0   28.0    6.0    0.0
   0.0   12.0   30.0   45.0   48.0    0.0   32.0    5.0   36.0    0.0
  72.0    6.0    5.0   21.0    9.0   72.0    0.0   24.0   63.0   12.0
   0.0   21.0   40.0   72.0   36.0    8.0   48.0   24.0   24.0   27.0
   4.0   24.0   64.0   32.0    9.0   14.0   15.0   30.0    0.0    6.0
  25.0   63.0    0.0    0.0   20.0    0.0    5.0   16.0    8.0    6.0