Matrix (10, 10):
 137.0  212.0  212.0  226.0  281.0  131.0  272.0  165.0  192.0  146.0
 219.0  303.0  281.0  296.0  349.0  221.0  310.0  200.0  232.0  281.0
 122.0  250.0  201.0  205.0  296.0  155.0  263.0  133.0  118.0  176.0
 157.0  154.0  158.0  169.0  213.0   90.0  168.0  103.0  117.0  154.0
  85.0  270.0  204.0  165.0  273.0  143.0  282.0  149.0  153.0  176.0
 175.0  261.0  199.0  271.0  265.0  166.0  244.0  208.0  181.0  132.0
 121.0  291.0  288.0  267.0  353.0  180.0  357.0  205.0  234.0  198.0
 160.0  239.0  203.0  220.0  251.0  178.0  219.0  162.0  174.0  159.0
 183.0  197.0  191.0  207.0  270.0  138.0  229.0  129.0  173.0  170.0
  78.0  197.0  133.0  127.0  165.0   91.0  159.0  112.0   71.0  125.0